-0.076502	0.501612	0.861704	0.000000	-0.881001	0.370681	-0.293994	0.000000	-0.466888	-0.781653	0.413563	0.000000	0.451412	1.355556	0.009829	1.000000	
-0.021508	0.562894	0.826249	0.000000	-0.892710	0.361269	-0.269357	0.000000	-0.450118	-0.743394	0.494731	0.000000	0.465270	1.350839	-0.021118	1.000000	
0.020093	0.599464	0.800150	0.000000	-0.916889	0.330145	-0.224316	0.000000	-0.398635	-0.729142	0.556275	0.000000	0.475816	1.366477	-0.058111	1.000000	
-0.162188	0.514179	0.842208	0.000000	-0.943109	0.170274	-0.285574	0.000000	-0.290243	-0.840611	0.457311	0.000000	0.484366	1.461573	-0.036874	1.000000	
-0.277134	0.412939	0.867570	0.000000	-0.914272	0.164333	-0.370271	0.000000	-0.295470	-0.895810	0.331996	0.000000	0.474197	1.479422	0.019022	1.000000	
-0.380987	0.337138	0.860922	0.000000	-0.870299	0.183586	-0.457029	0.000000	-0.312135	-0.923382	0.223467	0.000000	0.457325	1.482412	0.076088	1.000000	
-0.461712	0.295213	0.836463	0.000000	-0.812487	0.237637	-0.532347	0.000000	-0.355930	-0.925407	0.130137	0.000000	0.438141	1.458392	0.123798	1.000000	
-0.511535	0.292657	0.807888	0.000000	-0.737450	0.333043	-0.587580	0.000000	-0.441021	-0.896345	0.045457	0.000000	0.422073	1.399460	0.155869	1.000000	
-0.445739	0.355125	0.821707	0.000000	-0.679029	0.464004	-0.568876	0.000000	-0.583297	-0.811533	0.034316	0.000000	0.423537	1.322786	0.148807	1.000000	
-0.330612	0.411942	0.849117	0.000000	-0.657458	0.544949	-0.520365	0.000000	-0.677085	-0.730298	0.090668	0.000000	0.434452	1.265239	0.116380	1.000000	
-0.171145	0.441295	0.880891	0.000000	-0.668856	0.604445	-0.432755	0.000000	-0.723423	-0.663253	0.191715	0.000000	0.453470	1.225425	0.063301	1.000000	
0.039636	0.479313	0.876749	0.000000	-0.703448	0.636541	-0.316191	0.000000	-0.709641	-0.604215	0.362402	0.000000	0.474877	1.198372	-0.016099	1.000000	
0.189440	0.505492	0.841778	0.000000	-0.750335	0.627497	-0.207954	0.000000	-0.633332	-0.592221	0.498161	0.000000	0.493765	1.202832	-0.090195	1.000000	
0.250678	0.480049	0.840662	0.000000	-0.818308	0.569052	-0.080938	0.000000	-0.517235	-0.667632	0.535477	0.000000	0.509892	1.255749	-0.147266	1.000000	
0.231813	0.398910	0.887205	0.000000	-0.891888	0.451251	0.030142	0.000000	-0.388329	-0.798275	0.460389	0.000000	0.525686	1.347571	-0.176524	1.000000	
0.172435	0.288318	0.941881	0.000000	-0.941608	0.328992	0.071678	0.000000	-0.289205	-0.899243	0.328212	0.000000	0.529487	1.430982	-0.167936	1.000000	
0.065775	0.106919	0.992090	0.000000	-0.971437	0.234040	0.039183	0.000000	-0.227999	-0.966330	0.119259	0.000000	0.529006	1.503470	-0.113786	1.000000	
-0.074356	0.015948	0.997104	0.000000	-0.975580	0.206060	-0.076047	0.000000	-0.206676	-0.978409	0.000237	0.000000	0.522667	1.533561	-0.045093	1.000000	
-0.312335	-0.036705	0.949262	0.000000	-0.935112	0.187932	-0.300412	0.000000	-0.167370	-0.981496	-0.093021	0.000000	0.505444	1.573332	0.057910	1.000000	
-0.460892	-0.044105	0.886359	0.000000	-0.878768	0.162091	-0.448879	0.000000	-0.123873	-0.985790	-0.113465	0.000000	0.489692	1.614400	0.119129	1.000000	
-0.586567	-0.031659	0.809282	0.000000	-0.807812	0.094593	-0.581801	0.000000	-0.058133	-0.995013	-0.081059	0.000000	0.464495	1.683388	0.151308	1.000000	
-0.623937	-0.011562	0.781389	0.000000	-0.780848	-0.030803	-0.623961	0.000000	0.031284	-0.999459	0.010191	0.000000	0.433282	1.754120	0.142870	1.000000	
-0.629395	0.071582	0.773782	0.000000	-0.772836	-0.161652	-0.613671	0.000000	0.081156	-0.984248	0.157065	0.000000	0.418857	1.804241	0.096028	1.000000	
-0.603589	0.175748	0.777684	0.000000	-0.789536	-0.267509	-0.552333	0.000000	0.110966	-0.947392	0.300225	0.000000	0.419660	1.829276	0.033442	1.000000	
-0.569412	0.293739	0.767780	0.000000	-0.819641	-0.274350	-0.502912	0.000000	0.062916	-0.915669	0.396979	0.000000	0.443775	1.801157	-0.018862	1.000000	
-0.535729	0.358166	0.764664	0.000000	-0.843660	-0.189392	-0.502363	0.000000	-0.035108	-0.914247	0.403633	0.000000	0.474272	1.751909	-0.016961	1.000000	
-0.529091	0.379053	0.759197	0.000000	-0.841525	-0.119377	-0.526863	0.000000	-0.109079	-0.917642	0.382144	0.000000	0.490693	1.697404	0.005845	1.000000	
-0.507394	0.402016	0.762190	0.000000	-0.835623	-0.013540	-0.549137	0.000000	-0.210441	-0.915532	0.342804	0.000000	0.504395	1.633277	0.030829	1.000000	
-0.478023	0.385282	0.789336	0.000000	-0.828757	0.099841	-0.550630	0.000000	-0.290956	-0.917382	0.271579	0.000000	0.516854	1.570189	0.055433	1.000000	
-0.446591	0.362612	0.817966	0.000000	-0.823665	0.190460	-0.534135	0.000000	-0.349473	-0.912270	0.213614	0.000000	0.511051	1.524118	0.060020	1.000000	
-0.431138	0.359438	0.827601	0.000000	-0.795120	0.282213	-0.536786	0.000000	-0.426502	-0.889472	0.164123	0.000000	0.498955	1.473035	0.050385	1.000000	
-0.373951	0.360743	0.854415	0.000000	-0.777274	0.380690	-0.500919	0.000000	-0.505971	-0.851434	0.138036	0.000000	0.482754	1.411138	0.036500	1.000000	
-0.308009	0.364594	0.878750	0.000000	-0.755151	0.468130	-0.458913	0.000000	-0.578686	-0.804938	0.131136	0.000000	0.441800	1.343014	0.021453	1.000000	
-0.231917	0.343372	0.910115	0.000000	-0.731655	0.554980	-0.395826	0.000000	-0.641012	-0.757689	0.122521	0.000000	0.411183	1.290246	0.003202	1.000000	
-0.186393	0.341535	0.921201	0.000000	-0.657436	0.653411	-0.375276	0.000000	-0.730093	-0.675579	0.102746	0.000000	0.397058	1.224378	-0.021834	1.000000	
-0.212741	0.318875	0.923613	0.000000	-0.550144	0.742098	-0.382925	0.000000	-0.807516	-0.589584	0.017553	0.000000	0.383402	1.154048	-0.030824	1.000000	
-0.204073	0.331346	0.921175	0.000000	-0.401914	0.829660	-0.387466	0.000000	-0.892648	-0.449304	-0.036139	0.000000	0.358398	1.063315	-0.049872	1.000000	
-0.188699	0.326877	0.926037	0.000000	-0.282067	0.885202	-0.369940	0.000000	-0.940655	-0.331011	-0.074835	0.000000	0.343279	1.002498	-0.055642	1.000000	
-0.116047	0.327133	0.937826	0.000000	-0.242976	0.906167	-0.346156	0.000000	-0.963066	-0.268039	-0.025673	0.000000	0.326769	0.970091	-0.092596	1.000000	
0.057074	0.350121	0.934964	0.000000	-0.275275	0.905708	-0.322362	0.000000	-0.959670	-0.238974	0.148072	0.000000	0.317707	0.964160	-0.162228	1.000000	
0.198628	0.365086	0.909538	0.000000	-0.483556	0.843715	-0.233064	0.000000	-0.852479	-0.393520	0.344125	0.000000	0.341518	1.042903	-0.243337	1.000000	
0.024002	0.314337	0.949008	0.000000	-0.600866	0.763220	-0.237602	0.000000	-0.798989	-0.564524	0.207193	0.000000	0.364570	1.110798	-0.208920	1.000000	
-0.868202	0.251811	0.427571	0.000000	-0.443455	-0.007106	-0.896269	0.000000	-0.222652	-0.967750	0.117836	0.000000	0.121997	1.561054	0.128396	1.000000	
-0.876884	0.275681	0.393795	0.000000	-0.396206	0.049395	-0.916832	0.000000	-0.272204	-0.959979	0.065913	0.000000	0.118786	1.535809	0.148816	1.000000	
-0.880496	0.288702	0.376002	0.000000	-0.360893	0.106070	-0.926556	0.000000	-0.307381	-0.951525	0.010796	0.000000	0.113184	1.508069	0.166493	1.000000	
-0.716463	0.490222	0.496350	0.000000	-0.536297	0.068000	-0.841286	0.000000	-0.446168	-0.868941	0.214185	0.000000	0.185910	1.486185	0.075901	1.000000	
-0.760934	0.449169	0.468217	0.000000	-0.486727	0.082017	-0.869696	0.000000	-0.429042	-0.889674	0.156213	0.000000	0.176555	1.487129	0.099161	1.000000	
-0.817313	0.402045	0.412747	0.000000	-0.407298	0.103567	-0.907404	0.000000	-0.407564	-0.909744	0.079106	0.000000	0.144663	1.489110	0.131337	1.000000	
-0.883614	0.326436	0.335659	0.000000	-0.314714	0.116713	-0.941984	0.000000	-0.346673	-0.937986	-0.000395	0.000000	0.103590	1.493019	0.167469	1.000000	
-0.940417	0.255304	0.224579	0.000000	-0.192404	0.145017	-0.970542	0.000000	-0.280351	-0.955924	-0.087255	0.000000	0.058950	1.493759	0.206282	1.000000	
-0.874084	0.301304	0.381041	0.000000	-0.352279	0.146930	-0.924289	0.000000	-0.334478	-0.942140	-0.022286	0.000000	0.111716	1.476983	0.159530	1.000000	
-0.828205	0.389194	0.403242	0.000000	-0.383154	0.131871	-0.914223	0.000000	-0.408986	-0.911668	0.039905	0.000000	0.135926	1.462086	0.141146	1.000000	
-0.714760	0.534932	0.450517	0.000000	-0.399082	0.217036	-0.890859	0.000000	-0.574327	-0.816543	0.058353	0.000000	0.162314	1.387615	0.118611	1.000000	
-0.841610	0.451512	0.296362	0.000000	-0.157783	0.319243	-0.934446	0.000000	-0.516524	-0.833199	-0.197437	0.000000	0.093056	1.353017	0.186853	1.000000	
-0.875020	0.413549	0.251628	0.000000	-0.139876	0.281632	-0.949272	0.000000	-0.463438	-0.865829	-0.188588	0.000000	0.081740	1.378199	0.196496	1.000000	
-0.902448	0.378213	0.206258	0.000000	-0.140196	0.194880	-0.970756	0.000000	-0.407348	-0.904973	-0.122846	0.000000	0.084443	1.426335	0.193423	1.000000	
-0.779973	0.491907	0.386870	0.000000	-0.391094	0.099466	-0.914960	0.000000	-0.488556	-0.864947	0.114801	0.000000	0.124648	1.441351	0.122987	1.000000	
-0.689954	0.580962	0.431794	0.000000	-0.374681	0.223757	-0.899749	0.000000	-0.619337	-0.782570	0.063294	0.000000	0.141564	1.378458	0.119067	1.000000	
-0.729258	0.545124	0.413549	0.000000	-0.304769	0.282348	-0.909613	0.000000	-0.612616	-0.789379	-0.039767	0.000000	0.121445	1.359632	0.145204	1.000000	
-0.796967	0.504268	0.332502	0.000000	-0.202418	0.295680	-0.933595	0.000000	-0.569097	-0.811349	-0.133574	0.000000	0.097390	1.357548	0.174314	1.000000	
